0.810000
0.802500
0.802500
0.807500
0.795000
0.812500
0.796250
0.812500
0.785000
0.791250
0.800000
0.823750
0.795000
0.767500
0.823750
0.780000
0.783750
0.806250
0.807500
0.808750
0.805000
0.797500
0.785000
0.812500
0.796250
0.801250
0.800000
0.812500
0.813750
0.807500
0.781250
0.798750
0.807500
0.797500
0.796250
0.792500
0.805000
0.787500
0.776250
0.797500
0.776250
0.771250
0.806250
0.805000
0.797500
0.806250
0.803750
0.785000
0.797500
0.787500
0.793750
0.791250
0.792500
0.822500
0.808750
0.780000
0.810000
0.788750
0.781250
0.801250
0.786250
0.821250
0.782500
0.798750
0.793750
0.812500
0.798750
0.773750
0.801250
0.811250
0.775000
0.773750
0.788750
0.802500
0.758750
0.787500
0.812500
0.801250
0.801250
0.811250
0.783750
0.806250
0.810000
0.797500
0.772500
0.807500
0.823750
0.785000
0.801250
0.807500
0.805000
0.805000
0.803750
0.802500
0.811250
0.773750
0.786250
0.787500
0.803750
0.802500
0.790000
0.801250
0.772500
0.778750
0.790000
0.837500
0.810000
0.800000
0.780000
0.762500
0.791250
0.801250
0.815000
0.803750
0.802500
0.775000
0.761250
0.796250
0.780000
0.816250
0.805000
0.787500
0.762500
0.803750
0.788750
0.802500
0.778750
0.795000
0.805000
0.796250
0.816250
0.790000
0.812500
0.771250
0.787500
0.788750
0.812500
0.806250
0.805000
0.783750
0.801250
0.783750
0.777500
0.773750
0.768750
0.788750
0.810000
0.791250
0.785000
0.793750
0.787500
0.780000
0.820000
0.771250
0.790000
0.785000
0.785000
0.777500
0.788750
0.793750
0.761250
0.802500
0.805000
0.783750
0.787500
0.796250
0.785000
0.811250
0.800000
0.782500
0.817500
0.815000
0.800000
0.796250
0.778750
0.817500
0.793750
0.815000
0.773750
0.801250
0.818750
0.791250
0.821250
0.811250
0.796250
0.803750
0.803750
0.777500
0.797500
0.811250
0.798750
0.765000
0.787500
0.775000
0.828750
0.812500
0.822500
0.810000
0.806250
0.802500
0.797500
0.760000
0.796250
0.788750
0.798750
0.770000
0.812500
0.762500
0.790000
0.781250
0.808750
0.785000
0.796250
0.803750
0.806250
0.805000
0.786250
0.798750
0.815000
0.823750
0.826250
0.763750
0.808750
0.792500
0.798750
0.797500
0.796250
0.808750
0.782500
0.822500
0.802500
0.810000
0.790000
0.796250
0.802500
0.808750
0.786250
0.783750
0.788750
0.806250
0.797500
0.823750
0.795000
0.818750
0.828750
0.775000
0.800000
0.805000
0.811250
0.775000
0.803750
0.753750
0.810000
0.762500
0.791250
0.798750
0.765000
0.781250
0.802500
0.753750
0.773750
0.780000
0.798750
0.781250
0.813750
0.772500
0.786250
0.786250
0.761250
0.781250
0.808750
0.788750
0.812500
0.767500
0.796250
0.787500
0.773750
0.798750
0.810000
0.807500
0.802500
0.783750
0.798750
0.800000
0.820000
0.816250
0.788750
0.780000
0.802500
0.781250
0.796250
0.776250
0.787500
0.813750
0.790000
0.783750
0.782500
0.785000
0.805000
0.810000
0.785000
0.800000
0.831250
0.793750
0.790000
0.831250
0.768750
0.801250
0.802500
0.807500
0.860000
0.792500
0.806250
0.787500
0.776250
0.795000
0.808750
0.797500
0.796250
0.810000
0.796250
0.786250
0.800000
0.780000
0.783750
0.778750
0.763750
0.781250
0.807500
0.796250
0.753750
0.793750
0.756250
0.818750
0.782500
0.786250
0.796250
0.767500
0.798750
0.807500
0.801250
0.795000
0.812500
0.817500
0.792500
0.787500
0.796250
0.821250
0.808750
0.773750
0.790000
0.767500
0.821250
0.782500
0.781250
0.786250
0.807500
0.782500
0.805000
0.766250
0.801250
0.805000
0.757500
0.791250
0.823750
0.783750
0.787500
0.752500
0.783750
0.808750
0.827500
0.802500
0.782500
0.793750
0.803750
0.802500
0.781250
0.795000
0.787500
0.798750
0.788750
0.777500
0.781250
0.802500
0.788750
0.807500
0.773750
0.797500
0.771250
0.798750
0.817500
0.777500
0.785000
0.828750
0.810000
0.788750
0.793750
0.776250
0.818750
0.787500
0.786250
0.797500
0.820000
0.788750
0.792500
0.800000
0.777500
0.817500
0.810000
0.806250
0.818750
0.773750
0.803750
0.790000
0.788750
0.787500
0.771250
0.795000
0.763750
0.778750
0.826250
0.786250
0.807500
0.775000
0.815000
0.802500
0.796250
0.806250
0.797500
0.783750
0.795000
0.752500
0.788750
0.785000
0.796250
0.812500
0.792500
0.790000
0.785000
0.800000
0.821250
0.798750
0.790000
0.808750
0.786250
0.795000
0.780000
0.765000
0.781250
0.790000
0.796250
0.796250
0.797500
0.787500
0.777500
0.817500
0.791250
0.790000
0.825000
0.810000
0.805000
0.801250
0.767500
0.801250
0.808750
0.790000
0.796250
0.817500
0.806250
0.816250
0.758750
0.797500
0.748750
0.795000
0.806250
0.796250
0.780000
0.796250
0.805000
0.781250
0.808750
0.786250
0.787500
0.775000
0.812500
0.811250
0.785000
0.827500
0.801250
0.807500
0.798750
0.798750
0.793750
0.807500
0.775000
0.787500
0.782500
0.821250
0.807500
0.793750
0.830000
0.778750
0.807500
0.795000
0.800000
0.813750
0.783750
0.790000
0.781250
0.775000
0.790000
0.791250
0.787500
0.758750
0.798750
0.776250
0.792500
0.778750
0.808750
0.776250
0.773750
0.778750
0.822500
0.798750
0.762500
0.796250
0.775000
0.786250
0.818750
0.812500
0.792500
0.805000
0.783750
0.783750
0.795000
0.780000
0.778750
0.782500
0.786250
0.800000
0.816250
0.795000
0.798750
0.802500
0.768750
0.808750
0.796250
0.761250
0.821250
0.800000
0.771250
0.803750
0.796250
0.791250
0.828750
0.808750
0.803750
0.788750
0.800000
0.801250
0.810000
0.776250
0.767500
0.798750
0.791250
0.796250
0.807500
0.795000
0.772500
0.782500
0.808750
0.787500
0.801250
0.795000
0.815000
0.805000
0.791250
0.788750
0.800000
0.796250
0.806250
0.818750
0.766250
0.797500
0.813750
0.772500
0.823750
0.788750
0.783750
0.772500
0.785000
0.788750
0.793750
0.778750
0.802500
0.820000
0.772500
0.793750
0.798750
0.800000
0.773750
0.760000
0.800000
0.791250
0.810000
0.787500
0.798750
0.776250
0.782500
0.776250
0.780000
0.801250
0.803750
0.806250
0.792500
0.781250
0.800000
0.775000
0.832500
0.818750
0.795000
0.800000
0.821250
0.758750
0.802500
0.768750
0.792500
0.756250
0.802500
0.791250
0.806250
0.812500
0.801250
0.810000
0.805000
0.801250
0.790000
0.777500
0.773750
0.808750
0.786250
0.797500
0.783750
0.772500
0.773750
0.820000
0.818750
0.775000
0.813750
0.822500
0.778750
0.803750
0.793750
0.806250
0.788750
0.773750
0.815000
0.788750
0.800000
0.787500
0.807500
0.825000
0.796250
0.813750
0.802500
0.782500
0.771250
0.802500
0.790000
0.770000
0.781250
0.797500
0.815000
0.785000
0.778750
0.745000
0.813750
0.803750
0.790000
0.816250
0.770000
0.763750
0.776250
0.817500
0.811250
0.782500
0.787500
0.768750
0.792500
0.800000
0.775000
0.815000
0.803750
0.800000
0.767500
0.821250
0.795000
0.800000
0.795000
0.802500
0.827500
0.776250
0.783750
0.798750
0.775000
0.763750
0.788750
0.777500
0.780000
0.791250
0.776250
0.801250
0.806250
0.776250
0.802500
0.817500
0.776250
0.823750
0.780000
0.793750
0.793750
0.817500
0.796250
0.780000
0.810000
0.797500
0.800000
0.793750
0.798750
0.783750
0.812500
0.795000
0.785000
0.800000
0.808750
0.772500
0.796250
0.780000
0.780000
0.793750
0.796250
0.806250
0.781250
0.802500
0.777500
0.798750
0.780000
0.798750
0.796250
0.795000
0.795000
0.781250
0.800000
0.791250
0.802500
0.766250
0.796250
0.785000
0.801250
0.821250
0.817500
0.800000
0.776250
0.762500
0.778750
0.781250
0.793750
0.797500
0.803750
0.787500
0.766250
0.793750
0.796250
0.787500
0.820000
0.816250
0.792500
0.790000
0.761250
0.772500
0.791250
0.780000
0.825000
0.776250
0.805000
0.777500
0.782500
0.776250
0.767500
0.808750
0.790000
0.778750
0.805000
0.820000
0.787500
0.807500
0.751250
0.812500
0.806250
0.822500
0.790000
0.833750
0.783750
0.766250
0.782500
0.797500
0.810000
0.770000
0.811250
0.815000
0.752500
0.811250
0.780000
0.782500
0.820000
0.803750
0.797500
0.786250
0.817500
0.771250
0.802500
0.807500
0.808750
0.760000
0.782500
0.790000
0.792500
0.803750
0.802500
0.805000
0.801250
0.807500
0.782500
0.822500
0.791250
0.793750
0.808750
0.791250
0.790000
0.807500
0.785000
0.786250
0.797500
0.798750
0.781250
0.792500
0.773750
0.802500
0.767500
0.812500
0.786250
0.803750
0.785000
0.795000
0.795000
0.790000
0.780000
0.816250
0.797500
0.796250
0.786250
0.817500
0.787500
0.813750
0.786250
0.782500
0.785000
0.785000
0.760000
0.806250
0.793750
0.787500
0.790000
0.780000
0.806250
0.776250
0.795000
0.805000
0.798750
0.767500
0.807500
0.765000
0.782500
0.786250
0.791250
0.806250
0.795000
0.792500
0.790000
0.786250
0.783750
0.800000
0.796250
0.820000
0.768750
0.792500
0.801250
0.791250
0.790000
0.768750
0.796250
0.791250
0.803750
0.760000
0.808750
0.763750
0.808750
0.786250
0.786250
0.787500
0.805000
0.802500
0.785000
0.783750
0.787500
0.791250
0.797500
0.785000
0.763750
0.776250
0.788750
0.788750
0.791250
0.798750
0.783750
0.785000
0.792500
0.782500
0.800000
0.781250
0.783750
0.768750
0.783750
0.785000
0.800000
0.793750
0.792500
0.811250
0.795000
0.796250
0.790000
0.813750
0.767500
0.781250
0.801250
0.775000
0.810000
0.815000
0.812500
0.818750
0.787500
0.797500
0.813750
0.773750
0.781250
0.785000
0.805000
0.785000
0.786250
0.803750
0.782500
0.791250
0.815000
0.820000
0.781250
0.796250
0.760000
0.823750
0.782500
0.802500
0.805000
0.780000
0.815000
0.830000
0.777500
0.787500
0.785000
0.797500
0.813750
0.793750
0.801250
0.797500
0.783750
0.805000
0.787500
0.785000
0.805000
0.793750
0.791250
0.761250
0.787500
0.791250
0.761250
0.830000
0.767500
0.773750
0.801250
0.825000
0.820000
0.813750
0.818750
0.783750
0.797500
0.782500
0.793750
0.783750
0.816250
0.798750
0.775000
0.798750
0.797500
0.822500
0.810000
0.792500
0.800000
0.777500
0.795000
0.795000
0.791250
0.761250
0.762500
0.806250
0.770000
0.778750
0.792500
0.783750
0.786250
0.783750
0.780000
0.798750
0.795000
0.796250
0.818750
0.795000
0.751250
0.806250
0.800000
0.793750
0.803750
0.781250
0.796250
0.777500
0.793750
0.815000
0.763750
0.756250
0.816250
0.801250
0.795000
0.793750
0.821250
0.795000
0.776250
0.780000
0.816250
0.801250
0.810000
0.793750
0.787500
0.797500
0.791250
0.785000
0.778750
0.788750
0.807500
0.797500
0.777500
0.792500
0.800000
0.786250
0.788750
0.772500
0.815000
0.790000
0.820000
0.818750
0.781250
0.773750
0.821250
0.808750
0.767500
0.798750
0.798750
0.808750
0.786250
0.815000
0.801250
0.780000
0.802500
0.781250
0.811250
0.835000
0.832500
0.791250
0.822500
0.817500
0.778750
0.822500
0.760000
0.811250
0.767500
0.815000
0.820000
0.807500
0.785000
0.773750
0.787500
0.778750
0.805000
0.805000
0.791250
0.775000
0.806250
0.806250
0.825000
0.801250
0.787500
0.786250
0.808750
0.760000
0.766250
0.806250
0.791250
0.780000
0.818750
0.795000
0.778750
0.791250
0.778750
0.810000
0.800000
0.817500
0.786250
0.828750
0.775000
0.810000
0.780000
0.770000
0.756250
0.783750
0.802500
0.807500
0.796250
0.767500
0.787500
0.785000
0.762500
0.812500
0.802500
0.828750
0.791250
0.776250
0.805000
0.787500
0.781250
0.782500
0.783750
0.817500
0.793750
0.762500
0.777500
0.772500
0.787500
0.776250
0.775000
0.783750
0.793750
0.808750
0.797500
0.780000
0.786250
0.786250
0.795000
0.807500
0.776250
0.802500
0.772500
0.783750
0.796250
0.776250
0.791250
0.786250
0.787500
0.785000
0.810000
0.790000
0.777500
0.793750
0.832500
0.777500
0.782500
0.802500
0.791250
0.791250
0.791250
0.810000
0.782500
0.798750
0.798750
0.785000
0.800000
0.795000
0.805000
0.842500
0.828750
0.800000
0.795000
0.802500
0.815000
0.795000
0.816250
0.780000
0.786250
0.791250
0.807500
0.807500
0.798750
0.821250
0.776250
0.821250
0.826250
0.778750
0.810000
0.770000
0.797500
0.778750
0.786250
0.786250
0.766250
0.820000
0.795000
0.800000
0.805000
0.795000
0.777500
0.788750
0.791250
0.802500
0.791250
0.805000
0.792500
0.808750
0.788750
0.786250
0.775000
0.801250
0.778750
0.891250
0.791250
0.791250
0.808750
0.792500
0.795000
0.807500
0.796250
0.776250
0.777500
0.803750
0.790000
0.821250
0.792500
0.830000
0.757500
0.816250
0.823750
0.812500
0.772500
0.806250
0.808750
0.800000
0.756250
0.778750
0.803750
0.795000
0.785000
0.795000
0.762500
0.795000
0.791250
0.806250
0.790000
0.777500
0.797500
0.802500
0.792500
0.790000
0.780000
0.795000
0.786250
0.780000
0.792500
0.790000
0.800000
0.816250
0.802500
0.793750
0.830000
0.817500
0.810000
0.806250
0.796250
0.797500
0.805000
0.815000
0.792500
0.806250
0.763750
0.788750
0.812500
0.793750
0.787500
0.772500
0.776250
0.778750
0.803750
0.797500
0.791250
0.795000
0.785000
0.821250
0.792500
0.797500
0.793750
0.802500
0.792500
0.830000
0.821250
0.808750
0.805000
0.786250
0.812500
0.768750
0.785000
0.815000
0.785000
0.776250
0.798750
0.802500
0.777500
0.786250
0.787500
0.817500
0.796250
0.837500
0.811250
0.825000
0.820000
0.805000
0.778750
0.798750
0.792500
0.816250
0.793750
0.801250
0.798750
0.798750
0.791250
0.821250
0.780000
0.797500
0.816250
0.786250
0.807500
0.800000
0.800000
0.815000
0.753750
0.805000
0.773750
0.823750
0.795000
0.765000
0.835000
0.796250
0.827500
0.762500
0.795000
0.788750
0.828750
0.812500
0.781250
0.778750
0.822500
0.778750
0.747500
0.756250
0.825000
0.775000
0.823750
0.786250
0.772500
0.790000
0.827500
0.785000
0.800000
0.826250
0.780000
0.816250
0.761250
0.786250
0.795000
0.773750
0.813750
0.847500
0.000000
0.000000
0.097500
0.662500
0.635000
0.666250
0.672500
0.673750
0.683750
0.677500
0.671250
0.656250
0.671250
0.685000
0.691250
0.688750
0.693750
0.700000
0.681250
0.692500
0.700000
0.707500
0.670000
0.660000
0.685000
0.670000
0.681250
0.676250
0.658750
0.688750
0.680000
0.681250
0.701250
0.696250
0.667500
0.687500
0.673750
0.687500
0.682500
0.673750
0.680000
0.696250
0.648750
0.666250
0.708750
0.676250
0.681250
0.690000
0.661250
0.683750
0.680000
0.695000
0.670000
0.701250
0.650000
0.675000
0.687500
0.670000
0.671250
0.691250
0.676250
0.702500
0.693750
0.692000
0.700000
0.676250
0.691250
0.671250
0.696250
0.687500
0.660000
0.687500
0.686250
0.698750
0.695000
0.707500
0.683750
0.705000
0.682500
0.663750
0.690000
0.692500
0.702500
0.667500
0.657500
0.695000
0.697500
0.707500
0.707500
0.690000
0.698750
0.666250
0.687500
0.718750
0.708750
0.706250
0.728750
0.687500
0.712500
0.693750
0.705000
0.700000
0.690000
0.711250
0.710000
0.711250
0.690000
0.683750
0.693750
0.676250
0.678750
0.642500
0.706250
0.670000
0.683750
0.692500
0.677500
0.693750
0.648750
0.673750
0.705000
0.692500
0.682500
0.712500
0.677500
0.722500
0.688750
0.698750
0.712500
0.707500
0.718750
0.708750
0.698750
0.708750
0.705000
0.665000
0.667500
0.692500
0.673750
0.692500
0.676250
0.686250
0.696250
0.661250
0.707500
0.702500
0.711250
0.702500
0.675000
0.690000
0.658750
0.701250
0.711250
0.697500
0.705000
0.708750
0.715000
0.692500
0.671250
0.707500
0.707500
0.698750
0.688750
0.706250
0.663750
0.687500
0.673750
0.701250
0.712500
0.695000
0.663750
0.687500
0.700000
0.708750
0.688750
0.698750
0.671250
0.650000
0.657500
0.683750
0.656250
0.683750
0.655000
0.687500
0.678750
0.697500
0.710000
0.697500
0.702500
0.688750
0.701250
0.716250
0.693750
0.696250
0.692500
0.691250
0.710000
0.712500
0.687500
0.680000
0.683750
0.686250
0.701250
0.681250
0.716250
0.682500
0.700000
0.711250
0.712500
0.708750
0.700000
0.710000
0.722500
0.715000
0.731250
0.717500
0.706250
0.696250
0.708750
0.715000
0.676250
0.696250
0.688750
0.681250
0.705000
0.690000
0.706250
0.688750
0.710000
0.708750
0.707500
0.716250
0.722500
0.723750
0.722500
0.726250
0.716250
0.732500
0.720000
0.717500
0.720000
0.721250
0.720000
0.718750
0.718750
0.723750
0.728750
0.697500
0.720000
0.722500
0.710000
0.711250
0.722500
0.692500
0.706250
0.692500
0.697500
0.691250
0.712500
0.716250
0.712500
0.711250
0.692500
0.685000
0.703750
0.700000
0.661250
0.695000
0.706250
0.663750
0.707500
0.718750
0.707500
0.720000
0.721250
0.697500
0.720000
0.680000
0.722500
0.698750
0.716250
0.725000
0.728750
0.712500
0.722500
0.727500
0.723750
0.721250
0.718750
0.692500
0.726250
0.727500
0.723750
0.721250
0.685000
0.717500
0.707500
0.710000
0.708750
0.697500
0.682500
0.676250
0.707500
0.702500
0.678750
0.705000
0.688750
0.715000
0.715000
0.677500
0.710000
0.698750
0.680000
0.711250
0.695000
0.705000
0.685000
0.707500
0.703750
0.712500
0.690000
0.725000
0.718750
0.718750
0.695000
0.710000
0.712500
0.705000
0.715000
0.720000
0.712500
0.708750
0.720000
0.702500
0.731250
0.731250
0.718750
0.715000
0.701250
0.701250
0.697500
0.708750
0.708750
0.682500
0.711250
0.707500
0.712500
0.720000
0.716250
0.685000
0.723750
0.683750
0.710000
0.696250
0.698750
0.697500
0.707500
0.678750
0.696250
0.690000
0.692500
0.690000
0.673750
0.711250
0.686250
0.688750
0.690000
0.677500
0.688750
0.686250
0.695000
0.703750
0.686250
0.681250
0.685000
0.696250
0.683750
0.682500
0.697500
0.691250
0.705000
0.676250
0.700000
0.680000
0.696250
0.673750
0.686250
0.681250
0.663750
0.686250
0.681250
0.681250
0.668750
0.686250
0.633750
0.731250
0.725000
0.723750
0.748750
0.766250
0.756250
0.775000
0.790000
0.793750
0.773750
0.801250
0.831250
0.805000
0.833750
0.828750
0.831250
0.871250
0.905000
0.910000
0.905000
0.905000
0.910000
0.905000
0.907500
0.900000
0.905000
0.940000
0.943750
0.976250
0.975000
0.973750
0.973750
0.975000
0.977500
0.972500
0.973750
0.972500
0.972500
0.973750
0.973750
0.960000
0.975000
0.973750
0.973750
0.973750
0.971250
0.972500
0.973750
0.973750
0.971250
0.973750
0.972500
0.973750
0.971250
0.972500
0.973750
0.973750
0.972500
0.895000
0.000000
0.003750
0.001250
0.875000
0.875000
0.875000
0.875000
0.875000
0.875000
0.875000
0.875000
0.875000
0.875000
0.875000
0.875000
0.875000
0.875000
0.875000
0.875000
0.875000
0.875000
0.875000
0.875000
0.875000
0.875000
0.875000
0.875000
0.875000
0.875000
0.875000
0.875000
0.875000
0.875000
0.875000
0.875000
0.875000
0.875000
0.875000
0.875000
0.875000
0.875000
0.875000
0.875000
0.875000
0.875000
0.875000
0.875000
0.875000
0.875000
0.875000
0.875000
0.875000
0.875000
0.875000
0.875000
0.875000
0.875000
0.875000
0.875000
0.875000
0.875000
0.875000
0.875000
0.875000
0.875000
0.875000
0.875000
0.875000
0.875000
0.875000
0.875000
0.875000
0.875000
0.875000
0.875000
0.875000
0.875000
0.875000
0.875000
0.875000
0.875000
0.875000
0.875000
0.875000
0.875000
0.875000
0.875000
0.875000
0.875000
0.875000
0.875000
0.875000
0.875000
0.875000
0.875000
0.875000
0.875000
0.875000
0.875000
0.875000
0.875000
0.875000
0.875000
0.875000
0.875000
0.875000
0.875000
0.875000
0.875000
0.875000
0.875000
0.875000
0.875000
0.875000
0.875000
0.875000
0.875000
0.875000
0.875000
0.875000
0.875000
0.875000
0.875000
0.875000
0.875000
0.875000
0.875000
0.875000
0.875000
0.875000
0.875000
0.875000
0.875000
0.875000
0.875000
0.875000
0.875000
0.875000
0.875000
0.875000
0.875000
0.875000
0.875000
0.875000
0.875000
0.875000
0.875000
0.875000
0.875000
0.875000
0.875000
0.875000
0.875000
0.875000
0.875000
0.875000
0.875000
0.875000
0.875000
0.875000
0.875000
0.875000
0.875000
0.875000
0.875000
0.875000
0.875000
0.875000
0.875000
0.875000
0.875000
0.875000
0.875000
0.875000
0.875000
0.875000
0.875000
0.875000
0.875000
0.875000
0.875000
0.875000
0.875000
0.875000
0.875000
0.875000
0.875000
0.875000
0.875000
0.875000
0.875000
0.875000
0.875000
0.875000
0.875000
0.875000
0.875000
0.875000
0.875000
0.875000
0.875000
0.875000
0.875000
0.875000
0.875000
0.875000
0.875000
0.875000
0.875000
0.875000
0.875000
0.875000
0.875000
0.875000
0.875000
0.875000
0.875000
0.875000
0.875000
0.875000
0.875000
0.875000
0.875000
0.875000
0.875000
0.875000
0.875000
0.875000
0.875000
0.875000
0.875000
0.875000
0.875000
0.875000
0.875000
0.875000
0.875000
0.875000
0.875000
0.875000
0.875000
0.875000
0.875000
0.875000
0.875000
0.875000
0.875000
0.875000
0.875000
0.875000
0.875000
0.875000
0.875000
0.875000
0.875000
0.875000
0.875000
0.875000
0.875000
0.875000
0.875000
0.875000
0.875000
0.875000
0.875000
0.875000
0.875000
0.875000
0.875000
0.875000
0.875000
0.875000
0.875000
0.875000
0.875000
0.875000
0.875000
0.875000
0.875000
0.875000
0.875000
0.875000
0.875000
0.875000
0.875000
0.875000
0.875000
0.875000
0.875000
0.875000
0.875000
0.875000
0.875000
0.875000
0.875000
0.875000
0.875000
0.875000
0.875000
0.875000
0.875000
0.875000
0.875000
0.875000
0.875000
0.875000
0.875000
0.875000
0.875000
0.875000
0.875000
0.875000
0.875000
0.875000
0.875000
0.875000
0.875000
0.875000
0.875000
0.875000
0.875000
0.875000
0.875000
0.875000
0.875000
0.875000
0.875000
0.875000
0.875000
0.875000
0.875000
0.875000
0.875000
0.875000
0.875000
0.875000
0.875000
0.875000
0.875000
0.875000
0.875000
0.875000
0.182500
0.000000
0.000000
0.000000
0.000000
0.000000
0.000000
0.000000
0.000000
0.000000
0.000000
0.000000
0.000000
0.000000
0.000000
0.000000
0.000000
0.000000
0.000000
0.000000
0.000000
0.000000
0.000000
0.000000
0.000000
0.000000
0.000000
0.000000
0.000000
0.000000
0.000000
0.000000
0.000000
0.000000
0.000000
0.000000
0.000000
0.000000
0.000000
0.000000
0.000000
0.000000
0.000000
0.000000
0.000000
0.000000
0.000000
0.000000
0.000000
0.000000
0.000000
0.000000
0.000000
0.000000
0.000000
0.000000
0.000000
0.000000
0.000000
0.000000
0.000000
0.000000
0.000000
0.000000
0.000000
0.000000
0.000000
0.000000
0.000000
0.000000
0.000000
0.000000
0.000000
0.000000
0.000000
0.000000
0.000000
0.000000
0.000000
0.000000
0.000000
0.000000
0.000000
0.000000
0.000000
0.000000
0.000000
0.000000
0.000000
0.000000
0.000000
0.000000
0.000000
0.000000
0.000000
0.000000
0.000000
0.000000
0.000000
0.000000
0.000000
0.000000
0.000000
0.000000
0.000000
0.000000
0.000000
0.000000
0.000000
0.000000
0.000000
0.000000
0.000000
0.000000
0.000000
0.000000
0.000000
0.000000
0.000000
0.000000
0.000000
0.000000
0.000000
0.000000
0.000000
0.000000
0.000000
0.000000
0.000000
0.000000
0.000000
0.000000
0.000000
0.000000
0.000000
0.000000
0.000000
0.000000
0.000000
0.000000
0.000000
0.000000
0.000000
0.000000
0.000000
0.000000
0.000000
0.000000
0.000000
0.000000
0.000000
0.000000
0.000000
0.000000
0.000000
0.000000
0.000000
0.000000
0.000000
0.000000
0.000000
0.000000
0.000000
0.000000
0.000000
0.000000
0.000000
0.000000
0.000000
0.000000
0.000000
0.000000
0.000000
0.000000
0.000000
0.000000
0.000000
0.000000
0.000000
0.000000
0.000000
0.000000
0.000000
0.000000
0.000000
0.000000
0.000000
0.000000
0.000000
0.000000
0.000000
0.000000
0.000000
0.000000
0.000000
0.000000
0.000000
0.000000
0.000000
0.000000
0.000000
0.000000
0.000000
0.000000
0.000000
0.000000
0.000000
0.000000
0.000000
0.000000
0.000000
0.000000
0.000000
0.000000
0.000000
0.000000
0.000000
0.000000
0.000000
0.000000
0.000000
0.000000
0.000000
0.000000
0.000000
0.000000
0.000000
0.000000
0.000000
0.000000
0.000000
0.000000
0.000000
0.000000
0.000000
0.000000
0.000000
0.000000
0.000000
0.000000
0.000000
0.000000
0.000000
0.000000
0.000000
0.000000
0.000000
0.000000
0.000000
0.000000
0.000000
0.000000
0.000000
0.000000
0.000000
0.000000
0.000000
0.000000
0.000000
0.000000
0.000000
0.000000
0.000000
0.000000
0.000000
0.000000
0.000000
0.000000
0.000000
0.000000
0.000000
0.000000
0.000000
0.000000
0.000000
0.000000
0.000000
0.000000
0.000000
0.000000
0.000000
0.000000
0.000000
0.000000
0.000000
0.000000
0.000000
0.000000
0.000000
0.000000
0.000000
0.000000
0.000000
0.000000
0.000000
0.000000
0.000000
0.000000
0.000000
0.000000
0.000000
0.000000
0.000000
0.000000
0.000000
0.000000
0.000000
0.000000
0.000000
0.000000
0.000000
0.000000
0.000000
0.000000
0.000000
0.000000
0.000000
0.000000
0.000000
0.000000
0.000000
0.000000
0.000000
0.000000
0.000000
0.000000
0.000000
0.000000
0.000000
0.000000
0.000000
0.000000
0.000000
0.000000
0.000000
0.000000
0.000000
0.000000
0.000000
0.000000
0.000000
0.000000
0.000000
0.000000
0.000000
0.000000
0.000000
0.000000
0.000000
0.000000
0.000000
0.000000
0.000000
0.000000
0.000000
0.000000
0.000000
0.000000
0.000000
0.000000
0.000000
0.000000
0.000000
0.000000
0.000000
0.000000
0.000000
0.000000
0.000000
0.000000
0.000000
0.000000
0.000000
0.000000
0.000000
0.000000
0.000000
0.000000
0.000000
0.000000
0.000000
0.000000
0.000000
0.000000
0.000000
0.000000
0.000000
0.000000
0.000000
0.000000
0.000000
0.000000
0.000000
0.000000
0.000000
0.000000
0.000000
0.000000
0.000000
0.000000
0.000000
0.000000
0.000000
0.000000
0.000000
0.000000
0.000000
0.000000
0.000000
0.000000
0.000000
0.000000
0.000000
0.000000
0.000000
0.000000
0.000000
0.000000
0.000000
0.000000
0.000000
0.000000
0.000000
0.000000
0.000000
0.000000
0.000000
0.000000
0.000000
0.000000
0.000000
0.000000
0.000000
0.000000
0.000000
0.000000
0.000000
0.000000
0.000000
0.000000
0.000000
0.000000
0.000000
0.000000
0.000000
0.000000
0.000000
0.000000
0.000000
0.000000
0.000000
0.000000
0.000000
0.000000
0.000000
0.000000
0.000000
0.000000
0.000000
0.000000
0.000000
0.000000
0.000000
0.000000
0.000000
0.000000
0.000000
0.000000
0.000000
0.000000
0.000000
0.000000
0.000000
0.000000
0.000000
0.000000
0.000000
0.000000
0.000000
0.000000
0.000000
0.000000
0.000000
0.000000
0.000000
0.000000
0.000000
0.000000
0.000000
0.000000
0.000000
0.000000
0.000000
0.000000
0.000000
0.000000
0.000000
0.000000
0.000000
0.000000
0.000000
0.000000
0.000000
0.000000
0.000000
0.000000
0.000000
0.000000
0.000000
0.000000
0.000000
0.000000
0.000000
0.000000
0.000000
0.000000
0.000000
0.000000
0.000000
0.000000
0.000000
0.000000
0.000000
0.000000
0.000000
0.000000
0.000000
0.000000
0.000000
0.000000
0.000000
0.000000
0.000000
0.000000
0.000000
0.000000
0.000000
0.000000
0.000000
0.000000
0.000000
0.000000
0.000000
0.000000
0.000000
0.000000
0.000000
0.000000
0.000000
0.000000
0.000000
0.000000
0.000000
0.000000
0.000000
0.000000
0.000000
0.000000
0.000000
0.000000
0.000000
0.000000
0.000000
0.000000
0.000000
0.000000
0.000000
0.000000
0.000000
0.000000
0.000000
0.000000
0.000000
0.000000
0.000000
0.000000
0.000000
0.000000
0.000000
0.000000
0.000000
0.000000
0.000000
0.000000
0.000000
0.000000
0.000000
0.000000
0.000000
0.000000
0.000000
0.000000
0.000000
0.000000
0.000000
0.000000
0.000000
0.000000
0.000000
0.000000
0.000000
0.000000
0.000000
0.000000
0.000000
0.000000
0.000000
0.000000
0.000000
0.000000
0.000000
0.000000
0.000000
0.000000
0.000000
0.000000
0.000000
0.000000
0.000000
0.000000
0.000000
0.000000
0.000000
0.000000
0.000000
0.000000
0.000000
0.000000
0.000000
0.000000
0.000000
0.000000
0.000000
0.000000
0.000000
0.000000
0.000000
0.000000
0.000000
0.000000
0.000000
0.000000
0.000000
0.000000
0.000000
0.000000
0.000000
0.000000
0.000000
0.000000
0.000000
0.000000
0.000000
0.000000
0.000000
0.000000
0.000000
0.000000
0.000000
0.000000
0.000000
0.000000
0.000000
0.000000
0.000000
0.000000
0.000000
0.000000
0.000000
0.000000
0.000000
0.000000
0.000000
0.000000
0.000000
0.000000
0.000000
0.000000
0.000000
0.000000
0.000000
0.000000
0.000000
0.000000
0.000000
0.000000
0.000000
0.000000
0.000000
0.000000
0.000000
0.000000
0.000000
0.000000
0.000000
0.000000
0.000000
0.000000
0.000000
0.000000
0.000000
0.000000
0.000000
0.000000
0.000000
0.000000
0.000000
0.000000
0.000000
0.000000
0.000000
0.000000
0.000000
0.000000
0.000000
0.000000
0.000000
0.000000
0.000000
0.000000
0.000000
0.000000
0.000000
0.000000
0.000000
0.000000
0.000000
0.000000
0.000000
0.000000
0.000000
0.000000
0.000000
0.000000
0.000000
0.000000
0.000000
0.000000
0.000000
0.000000
0.000000
